2021 super output area - middle layer,mnemonic,Total,No cars or vans in household,1 or more cars or vans in household
Leeds 001,E02002330,3034,280,2754
Leeds 002,E02002331,3078,639,2439
Leeds 003,E02002332,2877,483,2394
Leeds 004,E02002333,3726,774,2952
Leeds 005,E02002334,3334,418,2916
Leeds 006,E02002335,3139,225,2914
Leeds 007,E02002336,2903,217,2686
Leeds 008,E02002337,3238,306,2932
Leeds 009,E02002338,3091,547,2544
Leeds 010,E02002339,2631,675,1956
Leeds 011,E02002340,2743,547,2196
Leeds 012,E02002341,2987,262,2725
Leeds 013,E02002342,2729,537,2192
Leeds 014,E02002343,2516,292,2224
Leeds 015,E02002344,3459,544,2915
Leeds 016,E02002345,2524,248,2276
Leeds 017,E02002346,2792,721,2071
Leeds 018,E02002347,2755,853,1902
Leeds 019,E02002348,2862,663,2199
Leeds 020,E02002349,2598,462,2136
Leeds 021,E02002350,2531,337,2194
Leeds 022,E02002351,2352,218,2134
Leeds 023,E02002352,3216,555,2661
Leeds 024,E02002353,2315,322,1993
Leeds 025,E02002354,3322,741,2581
Leeds 027,E02002356,3817,508,3309
Leeds 028,E02002357,3747,809,2938
Leeds 029,E02002358,3641,871,2770
Leeds 030,E02002359,2873,323,2550
Leeds 031,E02002360,3066,689,2377
Leeds 032,E02002361,2476,557,1919
Leeds 033,E02002362,3598,1252,2346
Leeds 034,E02002363,3396,724,2672
Leeds 035,E02002364,2780,1295,1485
Leeds 037,E02002366,2963,559,2404
Leeds 038,E02002367,2693,1112,1581
Leeds 039,E02002368,3717,512,3205
Leeds 040,E02002369,3229,1138,2091
Leeds 041,E02002370,3082,1114,1968
Leeds 042,E02002371,4380,1812,2568
Leeds 044,E02002373,2937,1021,1916
Leeds 045,E02002374,3132,1130,2002
Leeds 046,E02002375,2616,981,1635
Leeds 047,E02002376,2597,936,1661
Leeds 048,E02002377,2432,1168,1264
Leeds 050,E02002379,2358,921,1437
Leeds 051,E02002380,2524,666,1858
Leeds 052,E02002381,3015,755,2260
Leeds 053,E02002382,2406,1372,1034
Leeds 054,E02002383,2509,1084,1425
Leeds 055,E02002384,4512,2724,1788
Leeds 056,E02002385,3704,1696,2008
Leeds 057,E02002386,4253,901,3352
Leeds 058,E02002387,2720,1091,1629
Leeds 059,E02002388,3484,1209,2275
Leeds 060,E02002389,2986,1222,1764
Leeds 061,E02002390,3075,832,2243
Leeds 062,E02002391,3628,812,2816
Leeds 063,E02002392,2771,1687,1084
Leeds 064,E02002393,4011,2361,1650
Leeds 065,E02002394,3229,1887,1342
Leeds 066,E02002395,2770,427,2343
Leeds 067,E02002396,4086,1382,2704
Leeds 068,E02002397,3421,949,2472
Leeds 069,E02002398,3305,666,2639
Leeds 070,E02002399,2640,1039,1601
Leeds 071,E02002400,4253,2217,2036
Leeds 072,E02002401,2622,1098,1524
Leeds 073,E02002402,2495,314,2181
Leeds 074,E02002403,2792,639,2153
Leeds 075,E02002404,5255,2787,2468
Leeds 076,E02002405,3792,708,3084
Leeds 077,E02002406,3015,369,2646
Leeds 078,E02002407,2860,1297,1563
Leeds 079,E02002408,3428,804,2624
Leeds 080,E02002409,2693,746,1947
Leeds 081,E02002410,3158,969,2189
Leeds 082,E02002411,4307,2365,1942
Leeds 083,E02002412,3250,714,2536
Leeds 085,E02002414,2816,1478,1338
Leeds 086,E02002415,2717,1542,1175
Leeds 087,E02002416,3024,518,2506
Leeds 088,E02002417,3145,458,2687
Leeds 089,E02002418,3073,503,2570
Leeds 090,E02002419,3585,1471,2114
Leeds 091,E02002420,3320,1091,2229
Leeds 092,E02002421,2645,1238,1407
Leeds 093,E02002422,2817,466,2351
Leeds 094,E02002423,2459,895,1564
Leeds 095,E02002424,3292,671,2621
Leeds 096,E02002425,3842,604,3238
Leeds 097,E02002426,3335,534,2801
Leeds 098,E02002427,3029,734,2295
Leeds 099,E02002428,3416,912,2504
Leeds 100,E02002429,3655,615,3040
Leeds 101,E02002430,3242,1338,1904
Leeds 102,E02002431,3992,997,2995
Leeds 103,E02002432,3174,471,2703
Leeds 104,E02002433,3538,1240,2298
Leeds 105,E02002434,4104,540,3564
Leeds 106,E02002435,3638,610,3028
Leeds 107,E02002436,2988,571,2417
Leeds 108,E02002437,2521,218,2303
Leeds 109,E02006852,4932,1072,3860
Leeds 110,E02006861,4452,1935,2517
Leeds 111,E02006875,3744,2506,1238
Leeds 112,E02006876,3709,1733,1976
Wakefield 001,E02002438,3660,1064,2596
Wakefield 002,E02002439,4149,1326,2823
Wakefield 003,E02002440,3271,777,2494
Wakefield 004,E02002441,4358,1229,3129
Wakefield 005,E02002442,3147,517,2630
Wakefield 006,E02002443,2561,326,2235
Wakefield 007,E02002444,3042,491,2551
Wakefield 008,E02002445,3676,796,2880
Wakefield 009,E02002446,2650,469,2181
Wakefield 010,E02002447,2735,729,2006
Wakefield 011,E02002448,3601,966,2635
Wakefield 012,E02002449,4070,523,3547
Wakefield 013,E02002450,3341,636,2705
Wakefield 014,E02002451,3464,492,2972
Wakefield 015,E02002452,4286,1292,2994
Wakefield 016,E02002453,4302,1231,3071
Wakefield 017,E02002454,4006,1715,2291
Wakefield 018,E02002455,2704,817,1887
Wakefield 019,E02002456,3204,834,2370
Wakefield 020,E02002457,3261,1197,2064
Wakefield 021,E02002458,3987,699,3288
Wakefield 022,E02002459,4145,1035,3110
Wakefield 023,E02002460,3327,582,2745
Wakefield 024,E02002461,4991,839,4152
Wakefield 025,E02002462,3461,802,2659
Wakefield 026,E02002463,4066,1279,2787
Wakefield 027,E02002464,4003,1090,2913
Wakefield 028,E02002465,2900,769,2131
Wakefield 029,E02002466,4114,881,3233
Wakefield 030,E02002467,3822,1346,2476
Wakefield 031,E02002468,2740,461,2279
Wakefield 032,E02002469,2748,416,2332
Wakefield 033,E02002470,2668,261,2407
Wakefield 034,E02002471,5003,505,4498
Wakefield 035,E02002472,2483,295,2188
Wakefield 036,E02002473,2996,341,2655
Wakefield 037,E02002474,3001,705,2296
Wakefield 038,E02002475,2726,270,2456
Wakefield 039,E02002476,2733,729,2004
Wakefield 040,E02002477,2739,532,2207
Wakefield 041,E02002478,2634,420,2214
Wakefield 042,E02002479,3713,959,2754
Wakefield 043,E02002480,2633,881,1752
Wakefield 044,E02002481,3054,736,2318
Wakefield 045,E02002482,2876,654,2222
Bradford 001,E02002183,2757,371,2386
Bradford 002,E02002184,5832,1034,4798
Bradford 003,E02002185,2516,342,2174
Bradford 005,E02002187,2613,259,2354
Bradford 006,E02002188,3193,374,2819
Bradford 007,E02002189,2275,489,1786
Bradford 008,E02002190,4262,1511,2751
Bradford 009,E02002191,3698,1413,2285
Bradford 010,E02002192,4021,536,3485
Bradford 011,E02002193,3087,1328,1759
Bradford 012,E02002194,3193,846,2347
Bradford 013,E02002195,2871,362,2509
Bradford 014,E02002196,2712,443,2269
Bradford 015,E02002197,4153,1172,2981
Bradford 016,E02002198,3945,914,3031
Bradford 017,E02002199,3266,449,2817
Bradford 018,E02002200,3963,845,3118
Bradford 019,E02002201,5430,1271,4159
Bradford 020,E02002202,3776,1484,2292
Bradford 021,E02002203,3536,1220,2316
Bradford 022,E02002204,5070,743,4327
Bradford 023,E02002205,4570,711,3859
Bradford 024,E02002206,3563,794,2769
Bradford 025,E02002207,2389,704,1685
Bradford 026,E02002208,3498,1042,2456
Bradford 027,E02002209,2599,844,1755
Bradford 028,E02002210,2847,565,2282
Bradford 029,E02002211,2104,429,1675
Bradford 030,E02002212,2726,677,2049
Bradford 031,E02002213,3382,497,2885
Bradford 032,E02002214,2542,526,2016
Bradford 033,E02002215,2882,815,2067
Bradford 034,E02002216,2947,1256,1691
Bradford 035,E02002217,3313,1186,2127
Bradford 036,E02002218,3894,1043,2851
Bradford 037,E02002219,2250,838,1412
Bradford 038,E02002220,2610,753,1857
Bradford 040,E02002222,3095,968,2127
Bradford 041,E02002223,2275,867,1408
Bradford 042,E02002224,2909,1096,1813
Bradford 043,E02002225,3649,733,2916
Bradford 044,E02002226,3744,1672,2072
Bradford 045,E02002227,2334,1199,1135
Bradford 046,E02002228,3080,1294,1786
Bradford 047,E02002229,3302,828,2474
Bradford 048,E02002230,2807,1335,1472
Bradford 049,E02002231,4553,1117,3436
Bradford 050,E02002232,2586,1029,1557
Bradford 051,E02002233,2756,1059,1697
Bradford 052,E02002234,3202,1667,1535
Bradford 053,E02002235,2354,892,1462
Bradford 054,E02002236,2558,639,1919
Bradford 055,E02002237,3349,762,2587
Bradford 056,E02002238,2595,920,1675
Bradford 057,E02002239,4338,1065,3273
Bradford 058,E02002240,4983,930,4053
Bradford 059,E02002241,5083,1412,3671
Bradford 060,E02002242,3514,706,2808
Bradford 061,E02002243,4182,1147,3035
Bradford 062,E02006945,3814,501,3313
Bradford 063,E02006946,2458,465,1993
Bradford 064,E02006947,3380,1770,1610
Bradford 065,E02006948,2685,1762,923
Calderdale 001,E02002244,2636,528,2108
Calderdale 002,E02002245,2254,804,1450
Calderdale 003,E02002246,4274,641,3633
Calderdale 004,E02002247,4282,925,3357
Calderdale 005,E02002248,3349,1060,2289
Calderdale 006,E02002249,2406,945,1461
Calderdale 007,E02002250,3868,732,3136
Calderdale 008,E02002251,4259,1969,2290
Calderdale 009,E02002252,2815,506,2309
Calderdale 010,E02002253,3001,935,2066
Calderdale 011,E02002254,2707,324,2383
Calderdale 012,E02002255,2401,1067,1334
Calderdale 013,E02002256,4237,1166,3071
Calderdale 014,E02002257,2139,755,1384
Calderdale 015,E02002258,4052,823,3229
Calderdale 016,E02002259,3121,724,2397
Calderdale 017,E02002260,4342,1191,3151
Calderdale 018,E02002261,3650,886,2764
Calderdale 019,E02002262,3708,990,2718
Calderdale 020,E02002263,2805,598,2207
Calderdale 021,E02002264,3089,578,2511
Calderdale 022,E02002265,2607,586,2021
Calderdale 023,E02002266,2572,489,2083
Calderdale 024,E02002267,3532,783,2749
Calderdale 025,E02002268,4661,1217,3444
Calderdale 026,E02002269,4120,618,3502
Calderdale 027,E02002270,3583,338,3245
Kirklees 001,E02002271,3202,402,2800
Kirklees 002,E02002272,4243,972,3271
Kirklees 003,E02002273,2880,418,2462
Kirklees 004,E02002274,2902,426,2476
Kirklees 005,E02002275,4054,1091,2963
Kirklees 006,E02002276,3134,635,2499
Kirklees 007,E02002277,2553,510,2043
Kirklees 008,E02002278,2795,519,2276
Kirklees 009,E02002279,2823,791,2032
Kirklees 010,E02002280,2632,949,1683
Kirklees 011,E02002281,4432,1029,3403
Kirklees 012,E02002282,2553,594,1959
Kirklees 013,E02002283,2343,610,1733
Kirklees 014,E02002284,2699,542,2157
Kirklees 015,E02002285,3372,516,2856
Kirklees 016,E02002286,2398,691,1707
Kirklees 017,E02002287,2757,909,1848
Kirklees 018,E02002288,4103,1033,3070
Kirklees 019,E02002289,2146,594,1552
Kirklees 020,E02002290,2752,408,2344
Kirklees 021,E02002291,2765,459,2306
Kirklees 022,E02002292,2359,418,1941
Kirklees 023,E02002293,2642,822,1820
Kirklees 024,E02002294,3176,711,2465
Kirklees 025,E02002295,3013,1086,1927
Kirklees 026,E02002296,3250,669,2581
Kirklees 027,E02002297,2826,429,2397
Kirklees 028,E02002298,2854,686,2168
Kirklees 029,E02002299,2953,1427,1526
Kirklees 030,E02002300,3689,636,3053
Kirklees 031,E02002301,2861,996,1865
Kirklees 032,E02002302,2610,282,2328
Kirklees 033,E02002303,2913,752,2161
Kirklees 034,E02002304,3048,1173,1875
Kirklees 035,E02002305,2664,1010,1654
Kirklees 036,E02002306,2755,407,2348
Kirklees 037,E02002307,2626,705,1921
Kirklees 038,E02002308,3060,590,2470
Kirklees 039,E02002309,2760,1031,1729
Kirklees 040,E02002310,2631,839,1792
Kirklees 041,E02002311,2923,648,2275
Kirklees 042,E02002312,2939,1178,1761
Kirklees 043,E02002313,2497,931,1566
Kirklees 044,E02002314,2581,536,2045
Kirklees 045,E02002315,3067,844,2223
Kirklees 046,E02002316,2915,368,2547
Kirklees 047,E02002317,2963,936,2027
Kirklees 048,E02002318,2880,967,1913
Kirklees 049,E02002319,3084,593,2491
Kirklees 050,E02002320,2941,679,2262
Kirklees 051,E02002321,2670,297,2373
Kirklees 052,E02002322,2812,494,2318
Kirklees 053,E02002323,3639,560,3079
Kirklees 054,E02002324,2914,381,2533
Kirklees 055,E02002325,3883,600,3283
Kirklees 056,E02002326,2469,204,2265
Kirklees 057,E02002327,4253,426,3827
Kirklees 058,E02002328,3068,369,2699
Kirklees 059,E02002329,5265,582,4683
